33108.794
11971.614
13302.844
11085.999
33578.538
1908.800
10939.325
9017.958
9347.488
6602.315
7616.028
3834.111
11331.516
39711.620
7763.556
4847.916
6712.018
12664.949
12442.933
11398.523
12135.761
32706.655
14760.356
3481.593
12715.172
9757.140
5729.573
10268.794
2188.445
28122.050
15713.627
-275.813
5579.844
4430.060
6043.270
14823.888
28749.005
11876.284
12775.396
16790.423
8524.843
34510.306
12390.566
5055.594
27047.914
12968.478
5261.937
37395.611
3921.953
11979.687
5438.241
27399.687
11324.750
7920.775
13904.691
6290.606
11459.580
10405.606
10303.857
4000.141
6586.951
13427.067
34314.483
32826.271
5167.523
2182.255
12429.794
10784.170
28820.277
31235.700
3512.994
26860.136
12453.402
38520.119
6561.756
32441.143
12333.817
10923.048
9080.760
6996.484
-1894.819
7378.375
10116.658
16233.344
7228.924
6142.518
11401.903
7120.889
1911.895
5534.544
26992.559
12649.399
9843.393
8778.076
8681.677
11365.501
13273.138
36565.348
3675.767
8516.885
9030.867
3099.858
14934.923
33831.771
9284.559
11277.965
6273.643
30313.670
2371.973
3707.755
9081.089
10908.136
10735.037
8138.820
2388.810
8264.056
6020.715
15108.743
3604.424
7753.702
9213.727
25704.504
31273.762
15600.605
8049.096
6719.496
1763.408
33030.444
6915.532
5928.575
28252.252
13431.889
4018.910
3618.498
10213.600
26434.464
8382.621
29446.116
14663.979
31603.551
2325.069
7680.074
6518.423
14481.259
12412.565
3027.633
3417.759
26152.229
8700.995
8140.713
4523.617
6112.968
13874.322
4027.944
12437.264
25648.743
2952.608
14738.647
31541.525
30167.705
14846.103
7635.968
9280.454
-129.336
12440.051
5689.438
5882.254
5563.910
7811.060
34276.222
9047.337
3772.918
6429.764
8193.436
23831.749
7038.393
9465.435
4299.600
11094.718
12832.401
13095.173
37233.243
22827.674
11227.921
9444.036
8903.516
4694.291
11654.757
12123.050
6499.634
8207.587
38599.526
40018.502
1921.736
5453.617
2750.387
4378.409
8517.784
6939.203
5181.778
31414.198
27626.002
-1709.960
24475.454
8916.856
5152.668
10547.081
14469.244
11358.895
15720.201
9361.737
3347.409
6926.600
7504.853
8532.472
12956.891
34624.393
11350.576
28046.167
3361.802
8906.771
6115.541
5825.756
8738.201
5598.952
26039.323
9324.654
4154.050
5998.012
31941.979
4111.083
10637.822
33400.597
23537.042
2079.318
38463.205
8472.242
1226.645
5383.339
29495.327
10181.002
5589.571
26805.616
73.820
9348.623
11349.872
-254.382
1454.362
4111.479
6157.669
1771.113
32015.920
38559.747
838.099
30521.322
31350.080
2597.990
26411.829
30410.059
26962.815
9032.269
7617.397
5219.228
10432.651
27864.250
28151.826
2649.370
-1214.390
9486.634
12225.684
7526.031
7326.546
36267.208
15862.152
35781.740
4677.969
14960.469
10103.736
10509.757
3211.971
14019.788
11258.082
4162.227
16770.134
12148.115
3649.304
4171.341
1065.661
36558.675
